1.600000, 1.284523
1.700000, 1.336965
1.300000, 1.175933
1.200000, 1.078214
1.000000, 0.809272
1.100000, 0.947314
1.500000, 1.231036
2.000000, 1.442679
2.800000, 1.560223
1.400000, 1.223136
1.900000, 1.435549
2.500000, 1.562250
3.100000, 1.654806
3.200000, 1.646524
2.200000, 1.453737
1.800000, 1.386142
2.600000, 1.560049
3.300000, 1.665992
2.700000, 1.571040
2.100000, 1.448737
2.400000, 1.516018
3.600000, 1.689210
2.300000, 1.498095
3.000000, 1.609003
3.400000, 1.648531
3.900000, 1.744395
23.000000, 0.438425
3.000000, 1.609990
3.500000, 1.685912
4.000000, 1.729685
2.900000, 1.601572
3.700000, 1.732127
4.100000, 1.755664
4.200000, 1.765883
3.800000, 1.725592
